3 12 8 
3 13 8 3 5 16 
14 5 15 10 7 6 2 
3 19 1 4 15 9 13 6 4 
2 17 8 8 
4 2 16 
7 18 8 3 15 
15 10 8 2 
3 16 2 3 5 1 16 18 18 
5 
6 18 3 17 19 8 7 14 4 
10 4 13 11 
7 8 5 5 5 18 
10 8 
6 10 7 17 2 3 
10 7 4 4 7 11 11 
12 
6 7 
15 19 3 3 10 
5 2 19 
5 4 15 6 9 
12 9 
17 
14 6 
12 10 
14 9 8 2 19 16 
13 16 6 6 
19 8 3 12 1 7 10 
19 5 17 4 9 18 6 
2 8 13 3 2 10 
19 9 10 15 1 3 2 18 2 
9 16 2 14 3 19 
19 6 7 2 
13 2 
2 12 18 10 16 3 3 2 5 
15 6 11 
13 9 2 3 2 11 17 12 
6 
7 3 
6 6 15 
5 4 2 8 19 13 
17 5 16 6 18 9 10 17 
8 15 10 10 5 
6 10 1 9 
8 17 
14 19 4 7 14 
18 6 3 4 14 5 16 
17 12 
2 7 9 8 6 
7 17 1 17 
